Now n = 5
[0.203516 0.130602 0.067516 0.0137461 -0.0312085 -0.0678385 -0.0966236 -0.118033 -0.132526 -0.14055 -0.142543 -0.138933 -0.130135 -0.116557 -0.0985923 -0.0766273 -0.0510361 -0.0221825 0.00958018 0.0439092 0.0804723 0.118948 0.159025 0.200402 0.242791 0.28591 0.329492 0.373278 0.41702 0.46048 0.503433 0.545661 0.58696 0.627134 0.665998 0.703378 0.739112 0.773045 0.805036 0.834953 0.862675 0.888091 0.9111 0.931613 0.949551 0.964845 0.977437 0.987281 0.994338 0.998583 1 0.998583 0.994338 0.987281 0.977437 0.964845 0.949551 0.931613 0.9111 0.888091 0.862675 0.834953 0.805036 0.773045 0.739112 0.703378 0.665998 0.627134 0.58696 0.545662 0.503433 0.460481 0.41702 0.373278 0.329492 0.28591 0.242791 0.200403 0.159025 0.118948 0.0804724 0.0439093 0.00958024 -0.0221825 -0.0510361 -0.0766273 -0.0985922 -0.116557 -0.130135 -0.138933 -0.142543 -0.14055 -0.132526 -0.118033 -0.0966236 -0.0678385 -0.0312086 0.0137461 0.067516 0.130602 0.203516]

Now n = 10
[0.0488146 0.0354723 0.0309125 0.0323186 0.0374391 0.0445159 0.0522194 0.0595881 0.065974 0.0709921 0.0744754 0.0764339 0.0770172 0.0764818 0.075162 0.0734434 0.0717411 0.0704794 0.0700755 0.0709253 0.0733918 0.0777958 0.0844084 0.093446 0.105066 0.119367 0.136384 0.156093 0.178412 0.203203 0.230274 0.259389 0.290266 0.322587 0.356005 0.390146 0.424616 0.459013 0.492925 0.525943 0.557666 0.587702 0.615682 0.641257 0.664109 0.683953 0.700541 0.713663 0.723155 0.728899 0.730822 0.728899 0.723155 0.713663 0.70054 0.683953 0.664109 0.641257 0.615682 0.587702 0.557665 0.525943 0.492925 0.459012 0.424616 0.390146 0.356005 0.322587 0.290266 0.259389 0.230274 0.203203 0.178412 0.156093 0.136384 0.119367 0.105066 0.0934461 0.0844085 0.0777958 0.0733918 0.0709253 0.0700755 0.0704794 0.0717411 0.0734434 0.0751619 0.0764818 0.0770171 0.0764339 0.0744754 0.070992 0.0659739 0.0595881 0.0522194 0.0445159 0.0374391 0.0323186 0.0309125 0.0354724 0.0488145]

Now n = 15
[0.0188822 0.0597455 0.0505397 0.03319 0.0246101 0.0279571 0.0399442 0.0553059 0.0692637 0.0786474 0.0821609 0.0801515 0.0741385 0.0662719 0.0588312 0.0538264 0.0527266 0.0563202 0.0646923 0.0772982 0.093104 0.110768 0.128837 0.145934 0.160924 0.173039 0.181956 0.187835 0.191306 0.193409 0.195512 0.199189 0.206098 0.21784 0.235828 0.261175 0.294593 0.336323 0.386099 0.443136 0.506156 0.573443 0.642921 0.712261 0.778992 0.84063 0.894807 0.939391 0.972596 0.993078 1 0.993078 0.972596 0.939391 0.894807 0.84063 0.778992 0.712261 0.642922 0.573443 0.506156 0.443136 0.386099 0.336323 0.294593 0.261175 0.235828 0.21784 0.206098 0.199189 0.195512 0.193409 0.191306 0.187835 0.181956 0.173039 0.160924 0.145934 0.128837 0.110768 0.093104 0.0772983 0.0646923 0.0563202 0.0527266 0.0538264 0.0588312 0.0662719 0.0741385 0.0801515 0.0821608 0.0786474 0.0692637 0.0553059 0.0399442 0.0279571 0.0246101 0.0331899 0.0505397 0.0597455 0.0188822]

Now n = 20
[0.0370157 0.0409588 0.0403133 0.042043 0.0454639 0.0486852 0.0507587 0.0518507 0.0527263 0.0541871 0.0567135 0.0603532 0.0647973 0.0695548 0.0741456 0.0782522 0.0818021 0.0849756 0.0881496 0.091804 0.0964129 0.102348 0.109812 0.118807 0.129149 0.140523 0.152555 0.164904 0.177357 0.189899 0.202763 0.216447 0.231687 0.249407 0.270621 0.296333 0.327409 0.364466 0.407764 0.457125 0.511895 0.570925 0.632617 0.694989 0.755784 0.812606 0.863071 0.904958 0.936362 0.955819 0.96241 0.955819 0.936362 0.904958 0.863071 0.812606 0.755784 0.694989 0.632617 0.570925 0.511895 0.457125 0.407764 0.364466 0.327409 0.296333 0.270621 0.249407 0.231687 0.216447 0.202763 0.189899 0.177357 0.164904 0.152555 0.140523 0.129149 0.118807 0.109812 0.102348 0.0964129 0.091804 0.0881496 0.0849756 0.0818021 0.0782521 0.0741456 0.0695548 0.0647973 0.0603532 0.0567135 0.0541871 0.0527263 0.0518507 0.0507587 0.0486852 0.0454639 0.0420431 0.0403133 0.0409588 0.0370158]

